2008
 1   10.5    7.3   10.8   18.2   20.0   25.3   27.2   25.1   25.8   23.0   24.9   12.6
 2    9.8   10.4   10.7   18.0   25.4   24.8   26.6   26.1   26.7   23.5   20.9   13.9
 3   10.7   11.0   11.7   18.8   25.4   26.5   27.4   25.8   25.1   24.5   20.4   17.7
 4   15.1   12.9   12.4   20.4   26.5   25.2   27.2   25.3   26.0   23.0   23.1   20.5
 5   13.5   11.4   16.0   22.4   24.0   26.0   26.2   26.2   23.5   22.7   22.5   16.7
 6   16.0   11.0   16.7   23.6   24.0   26.2   25.5   26.4   24.6   22.8   23.8   17.6
 7   15.8   10.3   17.1   23.6   25.1   27.8   25.0   25.0   24.7   24.4   19.6   16.4
 8   15.8   12.1   16.9   26.4   25.1   24.8   25.8   26.3   25.3   24.1   18.5   12.7
 9   18.0   11.7   17.8   23.8   22.5   26.2   25.6   24.3   22.7   24.0   17.2   12.6
10   20.2  -99.0   18.0   23.8   19.8   24.9   26.8   24.9   23.7   25.5   16.0   16.9
11   18.3   10.6   17.5   24.3   22.4   25.4   27.0   25.7   24.9   24.6   16.1   14.5
12   20.9   10.9   18.1   24.8   23.2   26.0   24.6   25.2   25.0   23.9   16.9   16.9
13   17.4   11.3   19.0   22.6   21.4   26.9   27.5   26.9   24.5   21.9   17.9   18.0
14   14.5   10.8   18.5   23.7   22.6   27.1   28.8   26.6   24.5   21.7   21.0   17.7
15   11.5   12.2   19.6   24.6   22.4   27.6   26.0   28.2   25.5   22.4   21.4   15.0
16   12.4   13.1   21.0   22.3   25.0   27.6   25.8   29.0  -99.0   23.4   22.8   15.8
17   13.3   11.6   22.0   22.0   26.0   26.8   27.0   27.0  -99.0   25.5   22.7   14.7
18   15.3   12.4   19.6   23.0   20.8   26.1   27.0   25.9  -99.0   24.0   19.4   13.4
19   17.8   12.5   20.7   24.0   21.4   26.0   27.8   25.4   25.5   24.1   16.9   16.9
20   18.9   12.1   22.9   24.6   23.0   25.4   27.4   26.4   24.7   24.5   17.2   18.1
21   16.1   11.2   22.1   25.4   24.0   26.6   26.5   27.2   25.2   23.7   19.6   20.7
22   12.9   13.6   18.1   24.0   24.5   28.0   28.5   29.5   25.5   25.2   21.5   14.2
23   13.8   15.3   15.3   18.4   25.9   29.0   28.0   25.0   28.3   24.5   19.6   13.7
24   11.6   17.2   17.0   20.9   26.2   27.3   27.5   26.0   24.5   25.4   20.0   14.2
25   12.9   16.9   19.3   20.4   25.3   27.2   26.5   25.9   26.3   24.0   20.2   15.6
26   12.5   11.8   18.0   21.5   27.1   27.3   25.9   24.5   25.0   26.6   20.2   15.9
27   13.5   13.0   19.8   21.9   26.9  -99.0   25.8   27.3   24.1   24.0   16.3   17.9
28   13.3   12.6   20.9   21.7   28.2   25.9   26.4   26.1   25.0   24.5   15.0   19.4
29   12.0   10.4   22.2   23.5   27.8   26.5   26.0   27.6   22.3   24.4   13.2   18.5
30    9.6  -99.0   21.5   24.0   23.6   27.1   26.0   28.0   22.0   24.7   13.4   14.7
31    8.6  -99.0   19.3  -99.0   24.4  -99.0   27.1   25.9  -99.0   25.5  -99.0   14.6
