0.34575175172894235 0.5115178308424028
0.3098986100197985 0.40806921009917724
0.19329271900108538 0.12380647356277293
0.4568914552217353 0.5186767377403503
0.40957360652996827 0.32203075483911836
0.3339236608427993 0.36195354902360677
0.4117978482363996 0.48017312658082073
0.3301137117218395 0.42015643485324966
0.2065835309161069 0.11609174380771946
0.07038244425957431 0.06126231299414976
0.0658561957180748 0.059043355570912136
0.48934563737694203 0.5110328919294904
0.3052029280136305 0.18299776160721762
0.19557440060271672 0.1544257227974862
0.7503060642295467 0.6417223449885958
0.41985961248647774 0.3025321262887719
0.38255479290173167 0.3452119380785679
0.5340640343373627 0.5786681984181097
0.2597928896909842 0.18524246452363854
0.18339314536921736 0.06315483388846337
0.07514094571617552 0.059850163733162126
0.06437029382538213 0.054480024398181094
0.49739898921998577 0.5380614197760486
0.37728897186291316 0.428463525847013
0.23921691486405847 0.19957044293678183
0.651101913622269 0.6359953777334111
0.5629043188272517 0.7075262143024723
0.5889716581274328 0.6411194245021719
0.6297703216602074 0.6151590257988099
0.5027261900241237 0.5070711029339535
0.17652248140300966 0.06013752789697162
0.0755268037575363 0.05724085439583851
0.06730829015056296 0.05623581497666223
0.6640014062856188 0.27417053327651714
0.595243849732164 0.45346060224823465
0.06449694854429744 0.062007135264527155
0.5607655233242782 0.271776759100832
0.564599301859508 0.4460268104682824
0.669391649314063 0.6707169558996429
0.5344382796911821 0.25982722315262974
0.6210532422773114 0.49965091969390235
0.06638358333164805 0.030578666538552374
0.06870685351916504 0.05672789234312842
0.06294304786716538 0.05493114212281504
0.47802639674312836 0.41910838362976155
