0.4704772184457087 0.4019778859151365
0.4757431278816473 0.2693791788909508
0.21729721962733187 0.320505198441375
0.3311396953236662 0.45391425735759083
0.5350711683314091 0.3314603528679057
0.3086693126267346 0.5262435758632853
0.5509934556534188 0.3233822445258821
0.6354871958166165 0.2334702673959359
0.21980198193401565 0.1781240228472164
0.298940087894391 0.07109031946389556
0.3035425198829478 0.0708728086330481
0.42993588361068474 0.491805629218943
0.4893137624898449 0.2920642811491708
0.14844636195806618 0.2038941519297053
0.528625886475898 0.6642593441964383
0.6106218528378492 0.604583016272331
0.36732583731002116 0.6195641990373547
0.7147006285104621 0.36913831875256076
0.5691102178331778 0.26190066215790275
0.08101869026036441 0.11356011383719353
0.30506860330377567 0.07385272335904913
0.30383964410332637 0.06991383407165805
0.376764719665275 0.354727149498139
0.3991492218547377 0.2392295878939669
0.43651086907778547 0.305922750111618
0.5666496124519936 0.6428340441535053
0.5105106639990312 0.7245214159274675
0.4039451401243522 0.663440006396444
0.669970246667655 0.535160198091031
0.5360003471127673 0.36829877228074953
0.06866243212940247 0.08891717536829476
0.2856876013061574 0.06985629748408809
0.29692919297290027 0.06585506198934218
0.5733389864966125 0.38053166041150976
0.5970154998011585 0.3652540519506044
0.1303304983266802 0.17344263374948207
0.3501568730034297 0.562167162485558
0.340699807215872 0.660939246487758
0.568609458641662 0.4962639938022561
0.428504188595461 0.42124169960642044
0.4182040157878399 0.5568496764653612
0.056727776673117014 0.07296804067200388
0.29218845427944184 0.07091293827624418
0.3001329973223034 0.06599815472650515
0.580339593317075 0.4666385350338311
